  Sent.                        Matched  Bracket   Cross        Correct Tag
 ID  Len.  Stat. Recal  Prec.  Bracket gold test Bracket Words  Tags Accracy
============================================================================
   1   23    0   38.46  31.25     5     13   16      7     23    23   100.00
   2   23    0   58.33  41.18     7     12   17      6     23    21    91.30
   3   21    0   80.00  75.00    12     15   16      2     21    21   100.00
   4   38    0   52.17  42.86    12     23   28      7     38    38   100.00
   5    5    0  100.00 100.00     4      4    4      0      5     5   100.00
   6   25    0   40.00  31.58     6     15   19      8     25    23    92.00
   7   32    0   41.67  35.71    10     24   28     11     32    30    93.75
   8   27    0   50.00  32.00     8     16   25     11     27    26    96.30
   9   59    0   40.00  33.33    18     45   54     25     59    55    93.22
  10   29    0   78.26  72.00    18     23   25      2     29    29   100.00
  11   77    0   31.91  21.43    15     47   70     40     77    74    96.10
  12   52    0   35.29  26.09    12     34   46     24     52    48    92.31
  13   17    0   75.00  60.00     9     12   15      3     17    16    94.12
  14   34    0   53.85  42.42    14     26   33     11     34    32    94.12
  15   12    0   55.56  50.00     5      9   10      2     12    11    91.67
  16   25    0   70.00  60.87    14     20   23      6     25    22    88.00
  17    3    0   66.67  66.67     2      3    3      0      3     2    66.67
  18    6    0  100.00 100.00     6      6    6      0      6     6   100.00
  19   23    0   52.63  47.62    10     19   21      8     23    23   100.00
  20   23    0   43.75  36.84     7     16   19      6     23    21    91.30
  21   40    0   17.39  12.50     4     23   32     13     40    38    95.00
  22   18    0   57.14  53.33     8     14   15      2     18    17    94.44
  23   38    0   39.13  29.03     9     23   31     16     38    36    94.74
  24   42    0   37.04  27.03    10     27   37     14     42    40    95.24
  25   17    0   87.50  53.85     7      8   13      2     17    17   100.00
  26   46    0   45.16  36.84    14     31   38     16     46    44    95.65
  27   45    0   36.36  21.05     8     22   38     18     45    42    93.33
  28    2    0  100.00 100.00     3      3    3      0      2     2   100.00
  29   38    0   33.33  25.00     7     21   28      9     38    37    97.37
  30    1    0  100.00 100.00     2      2    2      0      1     1   100.00
  31   17    0   18.18  15.38     2     11   13      6     17    16    94.12
  32    7    0  100.00 100.00     4      4    4      0      7     7   100.00
  33    7    0   80.00  66.67     4      5    6      0      7     7   100.00
  34    5    0  100.00 100.00     5      5    5      0      5     5   100.00
  35    5    0  100.00 100.00     4      4    4      0      5     4    80.00
  36    2    0  100.00 100.00     2      2    2      0      2     2   100.00
  37    3    0  100.00 100.00     4      4    4      0      3     3   100.00
  38    6    0  100.00 100.00     7      7    7      0      6     6   100.00
  39   32    0   46.43  39.39    13     28   33     16     32    32   100.00
  40   37    0   29.63  26.67     8     27   30     17     37    37   100.00
  41   14    0   42.86  27.27     3      7   11      3     14    14   100.00
  42   26    0   27.78  19.23     5     18   26     15     26    25    96.15
  43    6    0  100.00 100.00     6      6    6      0      6     6   100.00
  44   90    0   32.79  25.00    20     61   80     40     90    88    97.78
  45   35    0   46.43  43.33    13     28   30      9     35    31    88.57
  46   27    0   40.00  24.00     6     15   25     11     27    26    96.30
  47   49    0   32.26  24.39    10     31   41     24     49    45    91.84
  48   30    0   15.00  13.04     3     20   23     10     30    27    90.00
  49    1    0  100.00 100.00     2      2    2      0      1     1   100.00
  50   16    0   80.00  72.73     8     10   11      0     16    15    93.75
  51   14    0   55.56  50.00     5      9   10      3     14    13    92.86
  52   14    0   44.44  40.00     4      9   10      4     14    14   100.00
  53   20    0   54.55  35.29     6     11   17      3     20    19    95.00
  54   20    0   84.62  55.00    11     13   20      5     20    19    95.00
  55   14    0  100.00  90.00     9      9   10      0     14    14   100.00
  56   23    0   42.86  33.33     6     14   18      8     23    21    91.30
  57    3    0  100.00 100.00     2      2    2      0      3     3   100.00
  58    3    0  100.00 100.00     2      2    2      0      3     3   100.00
  59    5    0  100.00 100.00     4      4    4      0      5     5   100.00
  60   27    0   40.00  29.63     8     20   27     12     27    27   100.00
  61   52    0   38.64  32.08    17     44   53     25     52    49    94.23
  62   28    0   55.00  44.00    11     20   25     12     28    25    89.29
  63   21    0   40.00  31.58     6     15   19      9     21    21   100.00
  64   23    0   35.71  29.41     5     14   17     10     23    23   100.00
  65   61    0   37.21  28.07    16     43   57     27     61    61   100.00
  66   48    0   42.42  31.82    14     33   44     20     48    44    91.67
  67    3    0  100.00 100.00     4      4    4      0      3     3   100.00
  68   12    0   85.71  60.00     6      7   10      2     12    12   100.00
  69   43    0   54.17  39.39    13     24   33     13     43    42    97.67
  70   18    0   38.46  31.25     5     13   16      6     18    18   100.00
  71   16    0   55.56  45.45     5      9   11      3     16    15    93.75
  72   24    0   50.00  37.50     6     12   16      5     24    24   100.00
  73   31    0   57.14  42.86    12     21   28      7     31    29    93.55
  74    3    0   75.00  75.00     3      4    4      0      3     2    66.67
  75   14    0   70.00  58.33     7     10   12      3     14    14   100.00
  76   14    0   33.33  25.00     2      6    8      4     14    14   100.00
  77   13    0   44.44  36.36     4      9   11      6     13    12    92.31
  78   19    0   46.15  33.33     6     13   18      8     19    19   100.00
  79   15    0   66.67  61.54     8     12   13      2     15    15   100.00
  80   20    0   43.75  43.75     7     16   16      6     20    19    95.00
  81   30    0   52.38  44.00    11     21   25     12     30    29    96.67
  82   45    0   40.62  33.33    13     32   39     18     45    42    93.33
  83   14    0   85.71  60.00     6      7   10      2     14    14   100.00
  84   31    0   54.55  46.15    12     22   26      7     31    29    93.55
  85   31    0   33.33  21.88     7     21   32     20     31    29    93.55
  86   15    0   71.43  50.00     5      7   10      4     15    13    86.67
  87   37    0   42.31  34.38    11     26   32     16     37    37   100.00
  88   30    0   25.00  19.23     5     20   26     16     30    28    93.33
  89   24    0   20.00  14.29     3     15   21     13     24    22    91.67
  90   10    0   20.00  14.29     1      5    7      2     10    10   100.00
  91    3    0  100.00 100.00     4      4    4      0      3     3   100.00
  92   13    0   44.44  40.00     4      9   10      3     13    12    92.31
  93   45    0   46.43  34.21    13     28   38     19     45    42    93.33
  94   23    0   53.33  44.44     8     15   18      3     23    23   100.00
  95   34    0   54.55  41.38    12     22   29     11     34    34   100.00
  96   24    0   63.16  57.14    12     19   21      4     24    23    95.83
  97    1    0  100.00 100.00     2      2    2      0      1     1   100.00
  98   11    0   62.50  45.45     5      8   11      2     11    10    90.91
  99    5    0  100.00 100.00     4      4    4      0      5     5   100.00
 100    2    0   66.67 100.00     2      3    2      0      2     2   100.00
 101    3    0  100.00 100.00     2      2    2      0      3     3   100.00
 102    3    0  100.00 100.00     2      2    2      0      3     3   100.00
 103    3    0  100.00 100.00     2      2    2      0      3     3   100.00
 104    7    0   80.00  66.67     4      5    6      0      7     7   100.00
 105    7    0  100.00 100.00     7      7    7      0      7     7   100.00
 106    4    0  100.00 100.00     5      5    5      0      4     4   100.00
 107    6    0   85.71  85.71     6      7    7      0      6     6   100.00
 108   42    0   16.13  12.20     5     31   41     27     42    40    95.24
 109   15    0   80.00  72.73     8     10   11      1     15    15   100.00
 110    5    0   80.00  80.00     4      5    5      0      5     4    80.00
 111   39    1    0.00   0.00     0      0    0      0      0     0     0.00
 112   44    0   43.75  35.90    14     32   39     13     44    42    95.45
 113   20    0   71.43  62.50    10     14   16      2     20    19    95.00
 114   33    0   57.14  40.00    12     21   30     10     33    31    93.94
 115   11    0   44.44  44.44     4      9    9      3     11    10    90.91
 116   23    0   50.00  36.84     7     14   19      8     23    21    91.30
 117   18    0   50.00  41.18     7     14   17      6     18    17    94.44
 118   34    0   16.67  14.29     4     24   28     17     34    32    94.12
 119   43    0   62.50  52.63    20     32   38     11     43    42    97.67
 120   25    0   37.50  33.33     6     16   18      7     25    22    88.00
 121   41    0   40.00  31.58    12     30   38     19     41    41   100.00
 122   11    0   80.00  57.14     4      5    7      1     11    11   100.00
 123   33    0   33.33  24.24     8     24   33     15     33    26    78.79
 124   35    0   42.86  32.14     9     21   28      9     35    31    88.57
 125   35    0   54.55  42.86    12     22   28      7     35    28    80.00
 126    6    0  100.00  83.33     5      5    6      0      6     6   100.00
 127   10    0   42.86  33.33     3      7    9      3     10    10   100.00
 128   34    0   50.00  44.44    12     24   27     12     34    30    88.24
 129   37    0   56.00  46.67    14     25   30     11     37    33    89.19
 130   19    0   46.67  36.84     7     15   19      9     19    17    89.47
 131   57    0   35.56  29.63    16     45   54     25     57    50    87.72
 132   22    0   40.00  22.22     4     10   18      8     22    22   100.00
 133    2    0   66.67 100.00     2      3    2      0      2     1    50.00
 134    3    0  100.00 100.00     4      4    4      0      3     3   100.00
 135   19    0   66.67  37.50     6      9   16      4     19    16    84.21
 136   15    0   50.00  40.00     4      8   10      4     15    11    73.33
 137   17    0   25.00  15.38     2      8   13      6     17    13    76.47
 138   16    0   41.67  41.67     5     12   12      5     16    12    75.00
 139    2    0   66.67 100.00     2      3    2      0      2     2   100.00
 140    2    0  100.00 100.00     3      3    3      0      2     2   100.00
 141    3    0  100.00 100.00     2      2    2      0      3     3   100.00
 142    2    0  100.00 100.00     3      3    3      0      2     2   100.00
 143   11    0   42.86  37.50     3      7    8      2     11     8    72.73
 144    7    0   75.00  50.00     3      4    6      0      7     7   100.00
 145    5    0   66.67  40.00     2      3    5      0      5     4    80.00
 146    4    0  100.00 100.00     4      4    4      0      4     4   100.00
 147    4    0  100.00 100.00     4      4    4      0      4     4   100.00
 148    4    0  100.00 100.00     4      4    4      0      4     4   100.00
 149    5    0  100.00 100.00     6      6    6      0      5     5   100.00
 150   59    0   36.11  26.00    13     36   50     27     59    57    96.61
 151   50    0   27.27  23.68     9     33   38     21     50    49    98.00
 152   44    0   30.43  21.88     7     23   32     19     44    42    95.45
 153   34    0   44.44  36.36    12     27   33     15     34    33    97.06
 154   31    0   43.48  32.26    10     23   31     13     31    31   100.00
 155   28    0   45.45  40.00    10     22   25     14     28    27    96.43
 156   12    0   50.00  50.00     4      8    8      2     12    12   100.00
 157   41    0   30.43  21.21     7     23   33     17     41    41   100.00
 158   18    0   55.56  38.46     5      9   13      3     18    16    88.89
 159   49    0   21.88  18.92     7     32   37     18     49    46    93.88
 160    1    0  100.00 100.00     2      2    2      0      1     1   100.00
 161   72    0   31.82  24.56    14     44   57     31     72    70    97.22
 162   22    1    0.00   0.00     0      0    0      0      0     0     0.00
 163   24    0   66.67  63.16    12     18   19      2     24    21    87.50
 164   10    0   71.43  71.43     5      7    7      0     10     9    90.00
 165   51    0   23.33  17.50     7     30   40     23     51    47    92.16
 166   43    0   46.43  35.14    13     28   37     12     43    39    90.70
 167   30    0   44.44  33.33     8     18   24      9     30    26    86.67
 168   17    0   63.64  46.67     7     11   15      4     17    15    88.24
 169   37    0   34.78  27.59     8     23   29     15     37    36    97.30
 170   40    1    0.00   0.00     0      0    0      0      0     0     0.00
 171   35    1    0.00   0.00     0      0    0      0      0     0     0.00
 172   14    0   57.14  33.33     4      7   12      5     14    13    92.86
 173   34    0   70.83  58.62    17     24   29      8     34    33    97.06
 174   62    0   46.51  35.09    20     43   57     26     62    60    96.77
 175   25    0   66.67  50.00    10     15   20      4     25    24    96.00
 176   48    0   35.29  29.27    12     34   41     24     48    44    91.67
 177   22    0   69.23  52.94     9     13   17      4     22    22   100.00
 178   10    0   75.00  66.67     6      8    9      1     10     9    90.00
 179   28    0   52.63  50.00    10     19   20      6     28    26    92.86
 180    8    0   50.00  50.00     3      6    6      1      8     6    75.00
 181   28    0   43.48  37.04    10     23   27     11     28    25    89.29
 182   20    0   66.67  44.44     8     12   18      6     20    17    85.00
 183   46    0   54.84  35.42    17     31   48     21     46    44    95.65
 184    1    0  100.00 100.00     2      2    2      0      1     1   100.00
 185   19    0   38.46  33.33     5     13   15      6     19    19   100.00
 186    6    0  100.00 100.00     5      5    5      0      6     6   100.00
 187    3    0  100.00 100.00     4      4    4      0      3     3   100.00
 188   43    0   37.50  27.27    12     32   44     20     43    41    95.35
 189    4    0  100.00 100.00     4      4    4      0      4     4   100.00
 190   34    0   65.22  55.56    15     23   27      6     34    33    97.06
 191   17    0   66.67  46.15     6      9   13      3     17    17   100.00
 192   23    0   58.82  55.56    10     17   18      4     23    18    78.26
 193   17    0   54.55  37.50     6     11   16      5     17    17   100.00
 194   17    0   78.57  73.33    11     14   15      1     17    14    82.35
 195   25    0   33.33  25.00     5     15   20      7     25    23    92.00
 196   41    0   55.17  40.00    16     29   40     15     41    33    80.49
 197    3    0  100.00 100.00     4      4    4      0      3     3   100.00
 198    8    0   40.00  40.00     2      5    5      2      8     7    87.50
 199   28    0   14.29  13.04     3     21   23     17     28    28   100.00
 200   17    0   33.33  30.77     4     12   13      6     17    15    88.24
 201   14    0   40.00  36.36     4     10   11      4     14    12    85.71
 202    9    0  100.00  83.33     5      5    6      0      9     9   100.00
 203    9    0   50.00  33.33     3      6    9      3      9     7    77.78
 204    9    0   66.67  57.14     4      6    7      1      9     8    88.89
 205    8    0   33.33  33.33     2      6    6      2      8     7    87.50
 206   53    0   30.56  22.92    11     36   48     28     53    48    90.57
 207   35    0   21.05  13.33     4     19   30     20     35    33    94.29
 208    9    0   80.00  66.67     4      5    6      0      9     9   100.00
 209    8    0   83.33  62.50     5      6    8      0      8     8   100.00
 210    5    0   33.33  25.00     1      3    4      1      5     5   100.00
 211    5    0   66.67  40.00     2      3    5      0      5     4    80.00
 212    5    0  100.00 100.00     4      4    4      0      5     5   100.00
 213    1    0  100.00 100.00     2      2    2      0      1     1   100.00
 214    6    0  100.00 100.00     6      6    6      0      6     6   100.00
 215   47    0   45.45  37.50    15     33   40     17     47    45    95.74
 216   20    0   40.00  30.77     4     10   13      4     20    19    95.00
 217   20    0   37.50  26.09     6     16   23     11     20    17    85.00
 218    3    0   66.67  66.67     2      3    3      0      3     2    66.67
 219   31    0   30.00  23.08     6     20   26     12     31    29    93.55
 220   53    0   36.11  30.23    13     36   43     23     53    44    83.02
 221    9    0   80.00  66.67     4      5    6      1      9     9   100.00
 222   44    0   42.31  36.67    11     26   30     13     44    39    88.64
 223   15    0   54.55  42.86     6     11   14      5     15    14    93.33
 224   25    0   44.44  38.10     8     18   21     10     25    24    96.00
 225   27    0   47.06  38.10     8     17   21      9     27    26    96.30
 226    3    0  100.00 100.00     4      4    4      0      3     3   100.00
 227   48    0   36.00  26.47     9     25   34     14     48    45    93.75
 228   55    0   35.90  31.82    14     39   44     26     55    52    94.55
 229   22    0   61.54  38.10     8     13   21      5     22    20    90.91
 230    2    0   66.67 100.00     2      3    2      0      2     2   100.00
 231    2    0  100.00 100.00     2      2    2      0      2     2   100.00
 232    8    0   66.67  50.00     2      3    4      0      8     8   100.00
 233    1    0  100.00 100.00     2      2    2      0      1     1   100.00
 234   25    0   33.33  11.76     2      6   17      5     25    13    52.00
 235    5    0  100.00  80.00     4      4    5      0      5     4    80.00
 236    8    0   50.00  33.33     2      4    6      2      8     6    75.00
 237    5    0  100.00 100.00     2      2    2      0      5     5   100.00
 238    8    0   20.00  20.00     1      5    5      2      8     6    75.00
 239   10    0   33.33  12.50     1      3    8      0     10     4    40.00
 240    3    0  100.00 100.00     2      2    2      0      3     1    33.33
 241    8    0   20.00  20.00     1      5    5      2      8     6    75.00
 242    8    0   66.67  33.33     2      3    6      0      8     5    62.50
 243    4    0  100.00 100.00     2      2    2      0      4     1    25.00
 244    8    0   20.00  20.00     1      5    5      2      8     6    75.00
 245   10    0   50.00  11.11     1      2    9      0     10     6    60.00
 246    2    0  100.00 100.00     2      2    2      0      2     1    50.00
 247    8    0   20.00  20.00     1      5    5      2      8     6    75.00
 248   13    0   33.33   9.09     1      3   11      4     13     8    61.54
 249    8    0   20.00  20.00     1      5    5      2      8     6    75.00
 250   19    0   20.00   6.25     1      5   16      7     19    11    57.89
 251    5    0  100.00  80.00     4      4    5      0      5     4    80.00
 252   19    0   20.00   7.69     1      5   13      4     19    11    57.89
 253    5    0  100.00  80.00     4      4    5      0      5     4    80.00
 254    2    0  100.00 100.00     3      3    3      0      2     2   100.00
 255   29    0   21.43  13.04     3     14   23     13     29    26    89.66
 256   29    0   46.67  33.33     7     15   21     10     29    28    96.55
 257   16    0   33.33  25.00     3      9   12      5     16    13    81.25
 258   16    0   50.00  16.67     2      4   12      4     16    10    62.50
 259   23    0   31.25  26.32     5     16   19     10     23    21    91.30
 260   22    0   25.00  14.29     2      8   14      6     22    15    68.18
 261   22    0   20.00  14.29     2     10   14      7     22    17    77.27
 262    9    0   33.33  22.22     2      6    9      3      9     8    88.89
 263    4    0  100.00 100.00     4      4    4      0      4     4   100.00
 264    3    0  100.00 100.00     4      4    4      0      3     3   100.00
 265   32    0   38.46  33.33    10     26   30     15     32    30    93.75
 266   49    0   26.47  19.15     9     34   47     27     49    46    93.88
 267    5    0   66.67  66.67     2      3    3      0      5     4    80.00
 268   26    0   55.00  44.00    11     20   25      7     26    24    92.31
 269   38    0   43.48  30.30    10     23   33     16     38    36    94.74
 270   30    0   70.00  56.00    14     20   25      8     30    30   100.00
 271   35    0   11.11   7.14     2     18   28     17     35    33    94.29
 272   28    0   45.45  41.67    10     22   24      7     28    24    85.71
 273   43    0   31.03  22.50     9     29   40     24     43    40    93.02
 274   41    0   26.32  15.62     5     19   32     18     41    39    95.12
 275   21    0   73.33  57.89    11     15   19      4     21    20    95.24
 276    3    0  100.00 100.00     4      4    4      0      3     2    66.67
 277   67    0   38.64  26.56    17     44   64     26     67    62    92.54
 278    9    0   50.00  42.86     3      6    7      2      9     9   100.00
 279   59    0   39.53  36.17    17     43   47     23     59    55    93.22
 280   26    0   42.11  33.33     8     19   24     10     26    22    84.62
 281   17    0   53.85  46.67     7     13   15      6     17    17   100.00
 282   26    0   35.29  27.27     6     17   22     11     26    24    92.31
 283   10    0   40.00  28.57     2      5    7      3     10     9    90.00
 284   18    0   50.00  46.15     6     12   13      1     18    15    83.33
 285   20    0   73.33  68.75    11     15   16      4     20    20   100.00
 286    1    0  100.00 100.00     2      2    2      0      1     1   100.00
 287   30    0   57.14  52.17    12     21   23      6     30    30   100.00
 288   33    1    0.00   0.00     0      0    0      0      0     0     0.00
 289   23    0   38.46  29.41     5     13   17      7     23    20    86.96
 290   27    0   42.11  30.77     8     19   26     12     27    26    96.30
 291    2    0   66.67 100.00     2      3    2      0      2     2   100.00
 292    2    0  100.00 100.00     3      3    3      0      2     2   100.00
 293   27    0   16.67  11.11     2     12   18      3     27    26    96.30
 294   19    0   20.00  15.38     2     10   13      6     19    19   100.00
 295   17    0   22.22  20.00     2      9   10      3     17    15    88.24
 296   20    0   44.44  30.77     4      9   13      1     20    19    95.00
 297   35    0   31.58  20.69     6     19   29     14     35    26    74.29
 298   27    0   30.77  19.05     4     13   21     12     27    20    74.07
 299   13    0   28.57  20.00     2      7   10      2     13    12    92.31
 300    2    0  100.00 100.00     3      3    3      0      2     2   100.00
 301    3    0   75.00 100.00     3      4    3      0      3     2    66.67
 302    4    0   75.00  75.00     3      4    4      0      4     4   100.00
 303    2    0  100.00 100.00     3      3    3      0      2     2   100.00
 304    4    0   75.00  75.00     3      4    4      0      4     4   100.00
 305    5    0  100.00 100.00     4      4    4      0      5     4    80.00
 306   10    0   80.00  57.14     4      5    7      2     10    10   100.00
 307    6    0   80.00  66.67     4      5    6      0      6     6   100.00
 308    3    0  100.00 100.00     3      3    3      0      3     3   100.00
 309    3    0  100.00 100.00     2      2    2      0      3     1    33.33
 310    3    0  100.00 100.00     3      3    3      0      3     3   100.00
============================================================================
                 47.10  36.93   1962  4166  5313   2070   6272  5805    92.55
=== Summary ===

-- All --
Number of sentence        =    310
Number of Error sentence  =      5
Number of Skip  sentence  =      0
Number of Valid sentence  =    305
Bracketing Recall         =  47.10
Bracketing Precision      =  36.93
Bracketing FMeasure       =  41.40
Complete match            =  19.67
Average crossing          =   6.79
No crossing               =  30.82
2 or less crossing        =  42.30
Tagging accuracy          =  92.55

-- len<=40 --
Number of sentence        =    267
Number of Error sentence  =      5
Number of Skip  sentence  =      0
Number of Valid sentence  =    262
Bracketing Recall         =  52.29
Bracketing Precision      =  41.56
Bracketing FMeasure       =  46.31
Complete match            =  22.90
Average crossing          =   4.35
No crossing               =  35.88
2 or less crossing        =  49.24
Tagging accuracy          =  91.75
